471
226
2942
2941
2940
52
1878
1826
1753
1696
2930
2929
2928
2927
1674
1627
2925
1602
2922
1245
2920
2917
1024
2914
939
863
2911
2909
799
2908
2907
2906
2901
2896
197
2789
228
2894
2893
2887
49
2849
2848
2847
2846
2845
2844
2861
2860
2859
2820
2826
2824
2822
2821
2819
2818
2817
2816
2812
2811
2858
2857
2856
2855
2854
2852
2851
2850
2838
2840
2839
2837
2835
2834
2833
2832
2831
2830
2829
2828
2823
2825
2827
3919
2810
2809
2808
2807
2804
2803
2805
2806
2796
2798
2794
2791
2790
2797
3912
2795
2786
2781
2719
2701
2692
1832
1814
1813
1810
1776
1775
1774
1773
1772
1771
1770
1747
1741
1738
1708
1706
1703
1699
1692
1670
1669
1665
1650
1644
1636
1633
1632
1630
1563
1562
1560
1558
1529
1492
1520
1365
1432
1428
1427
1420
1415
1411
1408
1378
1377
1376
1375
1374
1367
1364
1361
1335
1334
1332
1328
1327
1325
1324
1323
1319
1317
1316
1314
1270
1256
1253
1241
1237
1238
1172
1171
1170
1169
1168
1167
1166
1121
1120
1119
1118
1117
1107
1106
1095
1094
1092
1047
1038
1036
1026
1005
1004
952
951
950
944
937
878
874
873
872
871
861
858
857
821
820
816
813
811
800
797
792
781
765
761
759
757
756
747
746
745
744
688
679
671
670
661
660
651
648
646
563
569
621
616
608
601
596
592
591
590
575
568
566
561
545
544
543
539
538
534
532
531
526
480
479
470
465
464
463
461
449
447
436
422
435
369
389
387
384
382
368
364
362
359
358
357
355
351
348
342
333
329
328
278
287
272
263
262
240
239
238
233
232
231
217
216
214
211
210
209
198
196
178
169
167
164
163
162
150
148
147
143
140
133
130
129
126
122
102
101
99
100
98
97
78
76
75
63
43
42
41
40
31
28
26
25
8315
8316
8317
8318
8319
8320
8321
8322
8323
8324
8325
8326
8327
8328
8329
8330
8331
8332
8333
8334
8335
8336
8337
8338
8339
8340
8341
8342
8343
8344
8345
8346
8347
8348
8349
8350
6614
6615
6616
6617
6618
6619
6620
6621
6622
6623
6624
6625
6822
6823
6824
6825
6826
6874
6984
6985
6986
6987
6988
6989
6990
6991
7400
7403
7402
7409
7406
7410
7650
7651
7652
7656
7660
7676
7679
7896
8157
8155
8160
5475
5476
5477
5478
5479
5480
5481
5536
6903
6968
6969
7351
7352
7353
7581
7590
7666
8041
8058
8072
8074
8073
8075
8076
8120
8122
8129
8135
8150
8152
8372